215938.161321126
-358256.245615803
177762.976548433
302085.861552894
466655.73390657903
-250576.244295981
437940.165589669
-307786.144602484
43743.417901073
345441.378608887
226667.74611937202
-332209.41884103604
-273366.881781454
490562.90761053003
369891.655217091
430245.25440446404
-241339.83948227201
206001.31380795102
33761.654937072
-143190.44672070202
-64584.475825335
284022.417864163
185617.540373953
455868.388595502
-310548.614039817
203556.790952596
-407909.17695744504
87169.35034677501
-159709.499885363
-477672.773435941
411541.86234532704
293640.418837941
-347599.41380017804
79031.263799755
-381825.305914763
-252923.260260237
177604.903197965
264850.687331003
391948.31919286004
-84210.768334994
-313979.481677265
-250604.77909455603
354667.438821102
-156582.83774295202
-175933.18252224702
-442452.87728859
-270354.119128608
256759.47916570303
-409988.753875865
359748.95092288405
-388814.461798113
277005.017353688
476161.934187364
-236898.975589704
-5148.645749249
393954.65216676105
-360789.31855839904
79288.694513469
-307788.136529741
352012.049254024
19793.239041882
-278830.113606891
-47836.326545920005
-435780.515781406
318987.79926617903
-161142.997653592
443049.461000484
-326286.787729865
-134626.126899586
328550.25366757205
-61256.000330254006
338972.39853051904
-170283.59097609602
-323266.846287361
242962.24043639
-188997.34506222402
207838.858348595
190501.347185354
-90375.823243125
-416143.793206548
-17641.282835861002
88880.290769909
-231318.77442002602
-278757.778021581
118054.560257356
-113752.79838944801
280280.75806969503
-149345.62979299502
201025.462520783
209866.57650992103
183109.03954642802
-229085.847052602
-348352.791391585
134087.569155422
149118.774483176
148268.677668725
256457.043706308
106218.47660132001
-251394.53577916702
493802.59883447306
488099.22199999704
498253.64092941006
-37771.862305688
-262394.371859863
174513.87887251002
477287.74941647606
-150000.20928908602
-367758.39589241304
60606.903788864
174997.038978669
-444139.94425204105
-288749.410900691
-173552.068781932
234437.815174927
-423615.166274238
98313.592284725
425071.31161246705
-313318.38463445
454850.076127503
-490581.91033742105
135816.942855477
329247.965315576
282227.522920664
-115167.600179039
-471478.995252681
281395.121700462
357353.28950594604
361850.539001487
301548.573100029
-476045.52137976704
-382824.72902284004
-220024.098237033
-98697.463480619
295974.44667160604
-94915.086917727
384337.223730645
231645.27756838602
-442498.992178264
-349914.629780925
-274510.15725582204
181917.57528672702
-335024.473776559
479482.462431513
-335163.073668931
-338870.93413286505
-125879.168126717
-204873.701620178
25605.328523501
305895.00307647703
-88388.37219102001
-126201.74347550301
-169185.414671403
280797.270420338
-20175.668481748
422645.30628755304
-482092.115410823
-184401.29010283703
253692.252863972
-112610.4110781
9961.660908611
-296894.50792662904
-18143.816358529002
-307906.805199753
-101079.07687417301
194515.56888067102
432489.94343050005
-145015.801845656
73870.786445188
119464.461352394
-338563.490874867
-261094.13830028902
-424566.73768922203
352340.23517949204
99696.655265244
-351253.90131694503
51606.157308392
450600.09059925104
472496.69071253703
323132.158255345
-48567.461609954
278583.81331098604
241351.27049374802
-178326.42959188
236506.316816778
-24822.554156926002
-469100.5921925
-50634.653216519
-497926.717552123
139265.68214210702
88176.57987535601
-490611.33311667806
-322518.671396151
357434.4874977
255676.30450013
244531.73139735602
-131713.94017819
-33445.828734045004
-59805.687932243
-470657.630166788
-235679.080976563
85232.59695668501
372068.615130102
277962.38597641
-13607.25089936
496245.337894082
431787.63670619304
-242139.82254882803
-407469.320438664
-282692.597595023
-351197.71522206505
490204.85298755806
180923.21781664703
278681.860771253
-284066.325367057
339399.53216083103
349905.208165406
-26088.516135459
490942.66679782
43001.095089057
346954.186516046
328889.045832179
-156710.16107547702
372592.16055770405
171013.893073106
483719.365914862
213504.27401392203
307510.037495534
467266.069541872
-467471.89950127405
-4988.921892594
-408975.204186864
236928.684406688
247797.43867799803
190813.853631686
-250559.91428570202
-497080.258444281
-182110.48220981102
317766.9078944
193251.399822842
-293888.083400879
-487060.663136525
111407.405741976
-351571.72396230703
230396.92626001802
-286846.313815904
63074.060891306006
-411384.597810173
-454865.72458244703
-200272.26258925602
-353514.07093628205
-420016.955153706
-461621.502562378
-49549.478216890006
137749.260952615
-279588.62456512405
-289487.89897403604
167602.338874778
-437154.195480805
345736.680519476
-244134.26687523403
107730.93865923701
298515.086979894
114188.18881480201
495710.055023187
-382063.238486909
-8346.80836844
427557.833561378
-42741.490278332
162149.866114192
92427.238368877
-274406.51443607
-468786.492551902
-486259.33402696304
138274.55935981302
-341637.55209223303
-136582.37784650302
90718.018944343
225243.059618141
-208258.13826141102
445323.529360955
59647.685856681004
-450268.82866824605
135450.79134080402
148618.88430447
-116180.26659616201
51577.606292128
-374859.875615336
319947.845113939
181480.956324458
142999.877331243
-189573.28917167
72130.586732996
94734.880348445
432576.472214389
-145500.041940393
47072.619284691005
-389438.618141025
106133.768225843
484761.509657991
-274591.151061172
-448596.796935164
61374.149857053
264554.05559516203
-343851.212184838
288712.88387910003
-160891.44601727402
223306.16487430502
-120889.09169772701
-354551.33888205903
314283.46401929104
180091.87458233102
-290839.387213188
162819.521409172
-299716.89015640004
-65666.162568692
352359.099770903
157157.755422396
458924.096225892
-93761.66859358101
468631.74716056505
397699.611656251
333287.432057523
-86128.97447042601
400950.515526438
23515.835096755003
310963.59973868
330798.57109288604
-234098.33319640302
-386059.33404842304
-248092.37761138403
-306274.327829669
77337.492592476
251336.456755732
-194969.83556379902
104431.472859795
348527.857952995
-319784.134224841
318367.88267769
404599.90965582605
-156798.883165128
-348230.981100375
-293681.201876804
-448686.52793335
-383458.440236806
55946.707234179004
357178.284483738
203336.80192017002
18464.017556391
-384479.36114746105
-442074.05850188906
-398018.768055347
-16883.569288196002
407820.791474392
-117384.188594277
270263.94027701
120934.13061523801
-32627.476970078
30531.774686541
560.9392842440001
-394599.976151974
-219090.02151528202
154008.949102026
-479597.21591067006
457307.392795197
434735.01596116
240319.346015877
-68210.847502549
-79092.258549224
335330.30985333305
152394.174674126
144000.931806051
207214.29620104202
-112608.83155004801
95884.02660153
180830.834048362
363667.216745131
21932.624854617003
46445.818683793004
-295799.628522285
46398.898419642006
191459.436829923
-482471.843047111
-93170.08333048101
-367871.778244658
410894.993053316
143720.210753872
-102618.852440944
18589.316303585
-229412.353543539
7993.7064560240005
17726.271779625
-128454.48066193
23903.45475982
-329885.723266219
483213.789126306
-266141.08981592703
-361685.97195895005
-232735.617843826
-55205.78064079201
304027.512588254
-338893.521197842
343166.51842039404
480032.07264134305
-327084.01187216304
-485036.780723867
-325920.665492131
-338039.00091953104
-214397.55895257302
-154841.23544734102
266955.76763410703
371041.55552080704
41319.261953635
-131420.528883896
-128943.62983278601
-35778.582093695004
138188.733242056
86711.98296971
-289508.074688324
422179.92254413303
-181735.138933867
-291421.778561278
-68696.282468847
301748.797873141
453986.541483654
426591.218073918
342545.171040125
-131129.348637362
-402087.620573031
-125611.99854270501
-362093.036329062
-260899.159953849
364396.31616835203
404035.878419146
-367992.51060763205
-102997.6082785
-29114.122360953002
-202737.18107540402
77457.36220862501
228477.611900309
289280.73400949204
34761.572599362
230039.951524216
489169.913358102
-436859.957819955
241039.094750726
-262118.94080506903
49930.21483111
-144472.011878541
-200432.715930378
29768.255246747
-240114.409769518
295485.00506552303
-424269.40000375605
-57461.419052402
315112.40887034603
150673.569805453
-299884.785315936
322557.743739417
-63936.46477449901
-98205.89639150501
-439732.955433931
456259.06575049105
258919.08503663502
-423314.522566249
360755.25625783205
-432774.45557210903
-227270.498285617
-454179.65065141505
456503.95591938
-327837.35264528403
432957.56536326604
126409.223699401
-405437.28869272204
106345.21487591801
434813.85334043705
165976.06372397
-126555.55172652901
-97265.15107245301
-115767.62634738
268549.542160875
151798.156285942
-53334.225443878
-335893.954521515
-233248.131310007
277840.59380148
230540.36815422802
-89180.00834118901
-233544.401246076
-265063.86206942104
387251.937396123
314092.512792134
-82522.466726396
-385508.141933989
-233344.35879180202
318832.336191863
-289294.422152246
-297225.150952456
125369.98978240401
471626.98227737006
492106.56391783705
-111783.651214647
-394179.99993860605
349880.185243798
-419673.639507571
-170761.374083328
129111.37907597401
-6087.081042712
441613.423402631
393230.55761052505
379545.08065964305
-283223.119859523
-453040.451696445
-98254.09620277
280744.581568859
-194309.382420487
-134736.43530881702
105794.633859426
9788.786149723
154932.35948875302
-376517.895894936
-273488.93928108504
394251.589378188
448816.055253233
-96856.552792329
292576.296285339
-344795.138916313
386108.54496624
-38713.134143148
225245.347850468
-75991.42911135801
129287.72888783201
143999.33077469602
240366.80996321203
-362317.703786737
163475.173537608
475358.876073194
-42750.642932324
-246888.98585061
486705.86062955705
-494599.92379490705
-4712.836363238001
409291.428916561
-248004.346928954
-363138.349222722
64457.746108965
-318556.627785742
75344.602957501
-159927.24408196902
456218.396336899
24664.017883171
250816.37568663803
476481.307323503
194669.367940063
375823.036294792
-169116.33389639802
341412.332356408
355864.96479399403
-53707.682703538005
488881.36317070905
258382.875733766
347922.50666085404
392550.32417374704
-223080.43519468902
-483048.07777635404
329595.45126405003
-468147.363056752
-343076.82274723204
49657.266661600006
118801.77556049601
-46343.467712241
140218.670936982
287426.078710525
368161.21809979004
196752.359251582
-8754.98255429
-392344.23541367805
460766.005711554
143801.098392637
-375059.46408397204
305943.29434177
-119829.42367346301
323396.42428427003
440931.66299845104
287787.54042791604
-276637.886629324
398072.979657948
-218346.04949889702
228485.32326271402
-228218.03575255402
-475785.60084568604
26348.393838872
-221985.51494387301
-499498.77848810505
-411034.726767269
-205052.921845191
-288318.61057949404
400987.85874111403
52601.749672670005
294877.204001648
420613.160136756
486866.45522760804
147564.947091807
149294.704125943
231408.01536932102
-402956.944860897
426404.93260506704
477858.442470449
-230656.55938934803
-159222.002262047
399979.202089642
464101.935743756
-284777.104598472
282272.47174724
-295118.331464766
-148384.431957833
476136.155427411
-382774.179630581
90310.11794063401
-92350.92107767801
-479073.212409197
-76357.684875077
-198645.557162309
-244380.673835343
356934.55948597303
233439.17427079
-313717.50771604903
-30060.570425555
455716.430934934
264703.655299007
499335.18296664103
57256.782225298004
-29830.302074266
251043.380756463
-178302.32873856
469497.04594143305
207557.78103965303
127991.91097434801
-30017.665847378
-52627.74459219701
-133468.114343855
19710.382950352003
100084.52997170501
267838.969623562
-205774.245935378
-189059.20921800903
168951.89276473102
298325.519856875
188803.61233720102
-27803.435677085003
-27772.975095628
-263401.51474945
424967.82794944604
-388881.48689384904
-100396.519315585
-160825.59616466402
-3232.3761083110003
438465.21295781
187450.410834047
428696.289554318
-162811.98563055202
-205834.596134188
456789.065829414
165732.436529559
106374.51243871001
100493.00570227801
159671.847483452
5434.072974929
42424.931961941
215919.46911045
-300080.87520022003
-440180.284110996
70433.524368082
-291798.446417406
-351397.05945703504
-124219.49159868601
-438658.373159262
-401233.87021693704
272816.57230413903
196031.953825762
-493961.035476119
410093.78886811505
49145.78671608301
-362779.391751772
251331.30690042503
342900.107613968
-44510.678066551
-44190.282681961005
-82666.119764581
379033.79403184605
388550.34996861505
490779.48658388504
-142614.70524817702
-414684.49991931004
-76221.99567733401
65604.764728302
83717.23162709
105300.81746748401
184168.060852321
80987.45748378
-444303.60962514405
-36221.138241496
44589.820491516
395876.15784667304
-13276.604299497001
-33271.574271387
-426547.87669478
97384.644123121
-255473.025007401
208340.93004420502
123656.22339752
158728.878625816
-379677.78688052204
89640.802381322
92904.496564315
346775.59326057404
6216.033232945
-161728.616884502
-486579.58889177005
-479151.54461979703
475217.461724882
297947.749210941
61703.861513632
12732.438999894
336422.378372896
279606.772062932
-476516.074936382
75905.17053118101
72334.53545493001
318167.97142492404
75033.080112824
408434.634831143
153624.57817665802
230326.149587549
-497284.525908999
-40488.469077629
118835.130272473
-293264.13651246805
449876.80291565304
428356.05976180604
-244008.01180215302
-337374.23886018904
122617.02178345501
-215354.94507199002
-357217.77408100804
28196.931231230003
-288398.233371405
-367732.623553976
213763.032477728
-319819.06775529403
181220.307920743
24226.556013879002
348554.27634589805
375323.483199685
472499.746026277
-258777.24823787602
-142208.960334326
-79547.93869032401
-371702.432102115
36944.478493209004
-396435.73413270805
422382.80025006604
-350732.104571312
393095.49185936304
226339.66819184003
337396.954173723
-167763.411375752
-88061.16185314201
-165097.70756967802
60124.617797402
18630.917197128
-352221.60340446903
-497392.90608107
71260.122112724
116095.971958812
499266.061025216
451578.32299796003
-249901.198684728
422679.360002128
-250521.52822349503
73652.72624207
-46403.841535573
392949.756900646
97792.228425545
-203102.956762015
-144871.404412979
345094.198015014
220187.625025395
-177672.071941211
-230439.88245032603
-266811.84505492
49940.326611301
-212847.31788086102
-284523.50102480705
-320883.97476050403
-111753.404156192
258870.02545477502
-448945.66113744903
-491514.56469388504
-455368.053631842
-15709.930948225001
-181881.96327493002
-408252.30673304305
94145.952575931
336855.99037098204
276292.118922167
-354423.901343666
-150456.895955281
-295974.495562756
296372.330520494
-446827.19265394803
-12465.232194690001
350885.441433707
-267933.781206397
60941.189441356
105628.58739523201
-353251.135723808
36325.629555292006
265464.656264817
387130.542226894
-338578.02127706504
-383824.99938826903
-299318.881608152
306033.40299996303
-156859.253018018
-78404.82684235701
333254.71338291204
-154429.859734146
-147451.987892216
-38146.259759116
-85496.639685593
238473.46672505903
-368275.287248242
-137949.825014844
161185.8682155
216602.45837019602
212672.68652810503
181865.45301582
-171504.522517131
-136821.331652408
193939.37811953502
-367040.00037363404
338315.844846147
391785.921362331
-231498.52967071402
-145505.26485493602
-227554.807965862
-425383.01147834305
-337905.11175749905
-326789.704447038
-262624.723593613
-94444.027647401
-194627.119955016
35964.722741022
422566.98441673105
250883.773421699
401004.669138561
113803.51184741
199825.147893612
246004.283250106
-18144.824461617
426514.935534637
-283250.979311601
-47884.36240423
-419011.334344062
-398945.11058574804
-446801.994913759
-282892.478957875
-296190.629477507
-350596.93249908905
-337316.71610091004
-251662.356557452
-373371.639661075
173909.042607573
105331.73749796701
-302210.713348386
378686.88657147
357224.571742015
338776.6690414
-93818.47701846101
375662.29196026
240863.902206313
69907.19077328
169873.38655356
-342690.70813167
457773.34949536005
-60646.749577572
-271577.713518449
387100.57539269
-115221.94238687301
-441879.05606856506
-493705.51672829106
-9220.691458592
491717.66919693805
-318854.92647602904
47836.42768123
-430430.52348034
294260.75145967305
448535.9561691
-232501.473013543
264273.229809672
-156529.171587134
458624.26810634806
-168142.52151079502
420699.339030324
-1507.699367013
-301071.213623513
147551.786611024
-156592.14082987502
-376318.007626402
-367100.05029111804
55490.969579272
-81229.809728509
-362139.26426933805
-459993.67769514205
-454131.509222507
-319096.899163255
-133188.992252303
470052.01984269504
-172559.28739859702
-381510.74020573404
329011.091996325
-14571.566919261
-161446.85434413
-331772.742402121
86395.962191608
-92391.415104834
-452588.42607855704
-254641.94568212001
153159.923444952
54744.943373407004
305378.633818118
312784.630529918
165079.51995364
-259649.013499944
454898.552955878
-123189.672895398
-320105.95836981904
441479.21155989304
446563.287957312
62911.5259289
28301.669954657
-388147.273268454
-251379.404249293
142848.10927115602
-153577.44464078502
-483470.233449898
-297923.808651893
-105939.533435823
-30656.918077444003
-186888.804656675
-244656.62380384802
-469819.30281816405
-425266.917932856
469175.800159123
-453258.59920447203
144601.746490165
-461864.58486307604
-158666.352570655
357400.47519188403
-413358.048471063
212889.452619757
-152341.69404346801
-311198.82154688804
432543.10503014404
-263575.61715073
325549.24051213503
-486090.156012514
359818.03400488803
-115646.49370723801
-373708.09077739104
96785.694420856
475074.716581328
371220.613516196
191807.681883325
483487.73249648605
151471.05544829802
-340242.24407848204
259120.861990559
-64288.733620569
-321538.644100742
182137.09922377102
291402.224255017
125407.56121569901
-362005.262046137
202125.845412004
111124.10931394101
-299357.688329487
-117281.83014315601
-9649.914452184
29513.047851567
385677.140855682
123444.32968921801
20312.226466478
-308032.421016009
-406163.34535367903
5176.462549354001
57975.036437137
215096.63874209
-407804.957340663
39728.974122602005
-382002.618324286
131445.83950702602
-80828.706381291
450811.029195184
-467313.03202993603
382454.56098577904
38469.073901216005
-16768.909984863
77689.77206472
-258753.37557021002
-465381.827482453
-352593.516604834
96517.333361761
-248399.295006316
-486117.573352168
-117893.50914655
76478.248859229
289682.147960593
-286173.627474663
463766.24185683404
107349.462349559
62449.876586923005
-381519.913691161
392597.27563978505
-165200.02294077602
-436570.919705061
-173269.11461220702
-283071.817872264
456662.16058780503
-105867.420942751
-366054.285490925
-471244.454695885
-206078.299648904
130917.23360887101
35264.12093554
312283.098615689
-267709.118000906
369562.12149749504
431294.544595337
-49348.049881206
471395.06111423206
12625.932954297
-332844.59512737003
-297573.00453659403
102315.195722356
-368806.42779732903
156392.24418113602
-106345.53234525901
-270079.768884624
-21899.118892874
141189.892655858
-344202.79159733304
194163.45471836
81006.62500887201
-198184.995328799
297899.88258290803
-232383.964017732
-413433.50638981804
-366968.288568683
-463088.88192596805
482429.091897097
493530.334906183
-356332.56729338603
219150.38842669202
165112.04654804402
-67210.633681235
459663.658950827
26964.506914044003
211280.634949255
218565.54156129
-323692.50263502705
327392.51406028605
-302475.596982263
336788.556630507
-100422.69988748101
86726.94717735701
22044.726656195002
432248.17506222305
199674.919141793
150680.743355916
-29166.450354614
13765.063107108
195196.274299039
-117447.80987508601
-129163.76386791401
-404160.765396454
-447888.673253783
-51065.749308936
-484195.800794674
260520.35837114003
-185739.020205943
-73857.27652700701
-440727.56023604004
-209338.73853732302
-167194.49182468202
122941.67877812701
-105570.50058352301
12100.699306415001
408097.478865923
-191828.429911963
44574.525910742006
316074.203431939
-233421.188791666
184669.663670726
-167027.827568629
22299.765275676
188842.49774229
39950.241516166
3497.594531907
-128036.736159096
-153362.61308450202
-416672.93023448205
-354123.72976542905
300045.69405475503
-28710.302946810003
-51865.470703269006
-231536.21132894402
26108.702047552
-330300.32353387604
-141075.659663566
187788.848882059
-278953.436923404
408281.54957071104
84707.784182313
-165667.492616912
319372.484681265
-299449.769295199
-448484.55629407405
-101580.612045707
-182082.85256911602
158210.201514282
-492856.222241576
8024.9928709900005
207253.01631997302
413904.932945316
281920.874790092
-484988.561956265
-453828.21994430706
459107.394653253
189850.68180354201
-392405.617399708
-266220.023906458
-46068.661477582005
-438367.55878322804
-238818.63578615902
-455779.13436135004
-174621.604918563
-368424.88202154
97910.16842729501
163692.354921134
-37537.253055245004
-302948.907104081
7818.297200715
333694.41400329705
141111.38299645402
-28037.975431614002
-149924.946489849
-17675.360469394
2766.3707523430003
402368.32179908804
-400999.69075456104
-474589.23179243604
392258.065485896
-258035.23517744202
347863.358311327
466837.80138124805
-12880.505321036
-495774.19776821503
409556.676275092
-45612.826328695
196940.58719400803
397242.391374571
440898.754115791
-331840.57863394305
-460403.19711287203
78720.062520056
433342.69704343204
-288948.33916487003
471455.742274885
-283132.48238641705
25857.064221695
140150.37787044302
-499113.77766433306
-369703.003638653
11740.792880627001
-356635.98880780104
275557.519534845
-80143.26861996601
226812.919319362
-102442.251764346
-137461.9951661
-44910.123684137005
21385.757342244
-399629.10980114405
-216753.46820527202
-477919.85243551404
-497847.66256326303
-449031.054889246
-271699.228637981
-404130.39374628005
80409.591851414
-340507.78801031405
-168323.243443149
419722.925153593
336529.644358996
341161.383948145
-470826.02964597003
324958.577030352
354118.24453585903
190395.16379286002
224926.337844499
-118783.21159816501
-234145.55839695502
-66043.076313797
215877.514421605
384397.46077741904
240491.87603975102
203509.29797561502
-409617.46365670604
176089.03467702
-365636.51472774404
-94385.69130955101
351505.75257674203
204242.48300224
-139871.728864668
213825.432102113
-317630.213044574
232041.932689212
15206.699215214001
-204448.371275418
-77695.28748861101
-338534.833190025
-127845.84713132701
-359761.779231543
258153.929695397
-141779.227335491
338975.74305105105
341503.411298467
-20764.880334761
147533.76838718302
229329.66013280803
-330771.110103411
457726.07031256304
-186335.08970788502
-99937.75712807801
-345867.248348097
75959.78181826501
-446361.000075264
-385648.226235585
-266398.09154075803
-482149.79341871705
197509.18573578802
362454.29966161505
250709.38903452203
11391.597245871
-494550.94598158903
-498607.498082971
-322478.94208782504
-271379.310127987
24718.437932695
157209.954102316
-53099.418930304004
418895.54561655404
-400442.663267449
354901.442046129
-406218.87412740604
373467.90536644903
-333251.078999768
-367283.584677966
417736.076972968
185759.03395290102
228951.92707988602
1779.592304946
-102748.74563112501
-411727.80854373
-435632.04687176604
125609.39199640501
-104031.080672309
133115.383558656
249914.416636703
-347404.13582819
-248211.658186259
-57687.48093006
468365.10481143004
-281745.3192125
-433547.89119497605
-488344.09573210904
287176.023583498
211792.066595489
-153183.486145366
-310738.987586545
-70392.089886777
232086.96819837
247221.055184088
348207.457022677
491936.186273712
-254452.48312365502
124373.440066843
296815.58339348104
-336723.39243055304
76689.88810342201
-421659.47527319205
-49834.904933925005
-39274.592904331
-109331.85975854001
-285946.49293977104
199866.91205911402
291312.863856438
146674.48181445402
396694.118842784
-236211.5662971
462686.09693411103
-153838.211418152
480695.153950554
283238.093582833
141816.57965867
-453162.874570471
419380.22624247504
-126184.050592896
-365203.832317329
413175.725330958
17078.645570146
489521.692539628
67815.19774704501
-383779.771440237
347390.420126745
160172.78349304202
-201488.59728475002
-494499.185152404
190474.194999795
337575.225503995
253791.78445866902
-154835.169186042
-467359.856680357
119376.37183643601
-110809.262835935
336340.08042206004
-18084.422067106003
-78384.21150399701
-11675.906271378
-102477.163747451
-467444.619197736
470633.98070798005
27931.563203287
367760.726349873
-411121.56387858203
418890.58776193403
357771.876424773
256540.55971841302
236952.068739723
162015.014398372
-372653.447000943
78933.60846620401
-343191.876113176
-308989.17403642205
134635.824217779
-300174.02675370005
-235669.39166247202
492735.636688849
301432.300683262
106522.580164029
260301.89020255403
-130879.071178047
7646.73298658
82590.97953170001
-250758.94148032402
-310349.449018221
-39678.489126283006
93930.295413115
391374.023222871
-295367.09907175304
279727.172060355
-216723.19860238003
-70266.49941919801
-1046.785902092
399632.934227593
231210.30159308002
-173258.529996581
238231.43440508703
-30442.472195977003
-91399.733944385
-180091.224067678
57315.360942293
-137420.234878457
-476901.41952397604
309143.37010240305
-35685.267738027
139942.085256554
-485959.01018462004
-290120.84693015803
166244.02071704902
-432668.110233894
-388864.31717619405
-163349.954084227
-291965.64011286304
-393213.21233282704
-462534.33829596505
157229.831551156
440818.90216642
-440163.97169356403
-480780.668042813
151696.08499387
444484.856272656
-327055.910867344
-289491.100919348
-20701.821867283
400108.904569846
1097.3965065940001
480210.34127425
335128.80790888704
110414.34969946001
326624.13401932
105176.64160381
198124.832906097
-298316.87787851004
425758.34373028105
2643.552882602
159996.917389051
138319.02429160802
-432979.71790668904
294514.050091425
-36633.027247130005
462732.94286364503
-169609.39752276902
-94735.20931161901
-117686.649362119
254400.23232812
362614.14574547
134578.725513149
-399338.14495228004
446878.25395855604
135222.62623579902
333623.032365738
261753.886865798
70336.283569816
231626.20871231702
103286.07987475801
-102824.02747074001
-191810.98468182
321935.502272766
145710.451632741
85135.880472248
110187.92519745101
-9075.111745062
23208.131333964
-131531.493455455
-252779.95156747501
-149164.918165225
-214472.976946048
2000.568829362
449733.15909934003
-428689.732471109
254931.508197949
-394838.64016837504
-311941.295101844
337863.703402057
472893.92419984005
-491417.08891884005
-404511.96543391
256287.588710209
-218684.90014759
-354930.075137588
373583.69888751605
460254.212243102
-387892.18952036405
337942.45732745004
-22758.712425391
-100828.692493099
158929.934216088
-119685.43543776301
397549.59632679203
86687.622804927
-21537.858507601002
415664.942698075
-112203.57936186201
-422784.52185275505
312685.223137889
-426653.73142226005
352574.165747669
-497539.76267354103
40392.677153410004
-73865.003581992
442133.32793063705
411325.63051548303
-141750.29778877602
-292998.793748561
-279362.823426611
-163607.31503308602
-313667.593139963
-37024.210412842
158488.09822429
-405940.60719758004
314393.061821417
483270.69243787305
121313.96088281901
-327642.22124058
234811.06676818302
364379.117231824
34248.692282742
-76462.387750294
-442356.67061080504
357324.438750807
-493348.11922827206
-322378.423452316
337542.35744624503
481371.445769125
199768.52569891102
-432211.07729480305
-421150.65293748805
-241813.467066667
317347.385037571
226971.665008845
30582.413485163
-358581.80823180004
305942.3393791
107281.39970073501
-294643.78335724503
470184.01390388305
-123714.85222504701
-341928.65151884605
350142.489473656
349166.278033178
350474.03327678004
384648.92492038105
18924.725604404
-36329.758247681006
72588.65305676
-100447.38995172201
213318.601730227
138335.27996633202
153017.718030124
204972.031285286
268772.922540568
197556.783043472
-411278.283752063
371878.582132585
-298793.381628846
390118.893762695
-365095.52371976
-432526.17924633704
-351970.62668997503
229163.707749783
-457588.60265391704
395318.055830731
295282.041314276
443006.55257469305
250152.00295295203
341502.617533689
-284498.806230625
184986.36620525402
434457.105981711
238219.38350075303
371675.93279845704
487064.17281287
197317.351406166
353177.38015405304
-47519.758447571
66433.177214441
-230467.91263182502
-161840.09823877
-145853.39170193402
277517.454157437
-359697.785583386
474282.48908580403
7817.049569567001
405220.797124713
54995.476969687006
-122984.515863634
22511.897809239003
-447173.774688062
-140994.396483996
162525.486548577
307224.488145373
431915.06564707303
342413.613829035
-73317.412747904
411190.68594065105
30099.610521368002
-124548.31209407302
-226046.094615839
426531.965647711
173954.168906697
-259836.22376733003
293512.302705054
355295.602959488
-322453.93709842
14980.834649911001
-206784.07413259402
23356.817834371002
457013.83663731604
-387491.680342002
-105252.49474708401
-120365.48180714801
122009.873763234
-347995.782357347
186659.670177207
430764.66774830903
-380569.09667082503
71651.89633566201
361025.78639946005
-420885.84495091805
-154906.568963352
195942.46559949202
467861.68606794
118440.463861433
-440292.57679573604
-367074.563434471
-196717.28886267502
-411039.849687008
-316601.14891373704
140369.04774818002
272535.83082272304
377673.689538771
-266515.201319058
-439686.62240236904
354072.86415599
-211881.22291028302
-363505.61152752704
-164940.94732922502
-450957.25125902
377605.358409897
426333.30275112204
-482110.32537733304
430774.338075697
-170635.849575683
46323.662524591
470174.81345107104
-139299.383542984
-64377.845565667005
-383823.86087255005
369903.42484123603
424739.131127336
-117314.301403335
235472.56872140503
-246505.229192916
-458504.72656540404
265669.163616836
-482606.277938742
281984.34659175103
197899.89510508702
-59503.120142555
446538.762518391
-336518.941543971
-227029.42288837902
-250431.03623631303
-96453.760718667
320901.594960249
-242704.004981119
282660.601350521
287360.563532014
46809.309034785
54509.041398991
-403160.25433773303
-164186.177051234
-122708.845359087
-270202.58362953505
-74945.343007382
373838.89245309203
-235851.108344284
-76009.455783696
-2667.80649068
486164.056457152
446002.120447836
-152729.850659223
14201.439524101
-335704.400547498
285832.85735903
-412208.27746870904
-157839.95584618702
-23975.049534015
-22474.199122230002
461510.535854177
-107052.20292812401
-324497.195652292
-124931.613678694
-343056.946757677
-338274.54427952104
-277128.893407004
-164505.591642232
-103029.15423018001
170229.09029121802
-497491.113759179
385434.76353091904
205064.53877072802
249032.134834711
-231634.09589615802
-488987.888866399
-88333.53147095401
-262252.21944253804
-199898.219605424
220098.417968643
59502.76376835701
-333484.060958555
-106359.72223114701
39357.053493361
-8481.038332863001
-65159.519263844006
388969.41376211704
-105893.86335982301
269088.246085466
-230338.10149122
163830.520032055
157226.838987934
-368468.610099337
383301.21759479103
181209.47809018102
-239202.82163040002
66780.397947528
-58046.76737825201
278419.424137554
-13461.157926638001
-42834.876266131
160911.032367064
299385.657174861
-171869.423908341
57550.244520052
-151215.92452566302
-247865.687502924
-366833.06383697304
194809.465928143
460163.653238098
-478504.21470367606
170610.642661052
360272.87259215803
370565.03140371805
-9387.666450333001
-246652.87881817902
-383176.487818608
328034.220873171
-84774.786100989
-434331.031720536
-55589.549811125005
-89868.92222420401
-255370.76823015203
15555.342487166
411894.15028056
-87271.722692765
-105789.749012371
422990.37180069403
-483533.887685624
232609.434631086
333253.569505984
190332.244335692
411785.85338190105
-135840.367762868
-120611.46610205401
-307873.446393984
-258800.55690538
421398.50611554104
-36536.109360628005
150600.459148297
-450449.44645270304
351744.44173075
234753.376727788
-76866.243839726
-251508.959381938
-388481.58006512
411052.171617602
-209829.446736548
429427.39742237504
-293457.243655134
491850.52218699
-360219.546828255
-464748.59636877006
103226.640420277
17873.320137681
275489.94031388604
-105051.858179318
336212.273502141
-227545.930064537
83062.921805734
-460794.185104946
-297665.596663493
415565.61840192205
293750.183551712
364360.272044992
-468960.624537823
369929.98448350205
-306725.833803415
315469.888106847
132621.473938331
322800.944926923
-81215.33087695601
-122941.607834904
144196.81634018
-300176.71224424004
63098.423637317006
313114.307783603
388839.85469969
29496.901251104002
175093.526579705
-50917.42303345101
-112913.727400367
80193.302131628
313170.806348355
-423913.431851717
255517.75716090502
422736.66023084003
-285853.24877410603
-438190.325756565