1423893.135339617
525508.662629422
-1092226.2998991003
-959796.3287735448
-338763.760907402
-467516.074126697
1118503.7780860583
-646709.9751803902
-7076.731837829808
-1664456.3679483286
1769442.9579687994
90139.87989347556
-1400862.5780376522
-405237.13527230365
-573914.0909231119
-572711.1033804864
1044447.0421007548
876472.2316166264
-1041255.428766549
529502.1499798521
977981.348055816
73075.14032335966
-4245.830540227296
-2467853.5147291245
1350585.772116323
668247.1052385969
-512753.8641767686
536096.2253691052
872957.35550578
-694228.2293241248
94934.36637797204
-135728.96600894374
-749476.522167416
91507.56860064849
-684872.3019712816
110668.50006431132
-158687.40360280703
-12386.103277518007
59861.30641928996
-617709.7856572879
1541062.5365227778
720693.450553702
246388.77403740678
764187.4464610533
-593562.8238015696
-39328.9437606975
-1859156.3964167996
945309.990152964
279149.393995006
652249.0583492699
-191971.13773989605
-839793.4424688914
2275359.8793682773
810434.5156264342
-135614.05530460397
290737.6333605911
-1088147.9228278878
2551102.189241805
201310.89138779248
-575778.9491464903
271293.84593711194
-34992.41520564922
75864.68039813195
717601.9617814814
-339466.98623925925
724723.0985678572
1237402.3722468435
-889231.9656649263
425869.311227305
-79512.92093994669
-694849.9485686747
840943.237506126
540542.4081577109
-981015.9762949729
416858.8563498628
295050.2012316422
-1007426.8566539143
-298502.80247344455
-805536.9822471288
-1073342.145091031
-1249445.0936416988
250655.29471957093
708154.957258711
-409403.2633445188
-162819.9877961774
-505132.1922640671
-505417.49131956993
-179143.12632345426
532537.8711073399
-8567.60674597323
463778.55984289304
998680.0978009482
-157959.94406407105
-1002981.4003778123
-70236.91731989267
-35948.921224015765
1086497.564952866
-287026.7127163375
1537827.7425105984
-211498.33782914234
124343.09599880461
1651605.6081460402
-344893.46195461403
-1867438.612018046
-200884.1791219894
-2943.0814653139096
-790491.1049267426
-1304221.2637897402
-154213.417255917
-89425.77259724203
-1466438.1804217794
1657662.2061564447
261589.39626512717
-1142623.2406027003
-906692.3744522666
555946.9301075519
506664.8775045088
72733.57524399622
2095241.8217360121
-232938.5839429301
379331.8328184922
1341154.6322266005
973306.2484567581
-393299.74626776006
-1143328.0705511584
-194236.64951593836
625595.2686904902
-1041104.1070926382
1816136.878650395
252633.6433483546
-114127.59139829525
1063309.4572089943
44774.30244057102
1043347.9539176922
-724756.6327144593
-163198.44257357973
159895.38307264028
1519425.5738255985
-944145.982397856
1147700.6384267583
2135760.240881389
311238.6384575962
217047.73832863945
-876698.5045053931
-254515.00855174405
-614605.3129441561
-1472374.987544754
-177242.6735784239
165295.05821815255
-752435.3114434689
-323860.5718355058
650832.1284498682
-184785.85377479083
-274998.55278424395
1301095.0051586465
-369882.1409918912
-1370046.3227463658
-160343.80530815647
7784.180952225928
-203363.39291036106
-918429.9070716505
769126.5483703812
374781.86760451
217383.466113645
-428707.658876012
1208048.160595174
692917.5771064917
-309494.085902397
-689132.624975781
-563929.8577381633
170658.9718453216
-1306874.8997558642
-1027670.9115
1394393.1773051969
-1304737.9781216406
-817562.8396974265
-1331678.0499587585
-996936.6714105089
772407.5600780926
265261.85862278694
241974.91553210106
-659355.1375651951
-322702.6698918073
1110073.4565109436
177871.42441769794
1064507.7737616417
1661559.6695380788
-324958.01457857323
-307401.40821088094
545608.9858880637
1170363.7820324276
-1154632.007972503
-147383.64229367924
981615.7244690334
-952262.3177840522
491941.7157372257
985234.5664589889
117358.93819309509
972236.5164361801
42664.98491463909
429851.2626638061
817235.6899440547
-1882020.7029275123
-436266.39538526663
23807.587517671083
728587.3737172426
-921224.1028240119
-1459067.103535074
-1134032.6275984957
-1701413.535565049
551333.578190705
359842.96200694935
-1748510.4576707145
-999965.75126361
-527359.7252887181
527270.0463770444
880973.523743737
1955724.545013069
-734965.5453388891
-1188698.5063478362
783049.0736524279
1737534.78592821
-365580.5709904225
671355.450877063
532894.9086117857
72608.97408028977
-884622.6996909508
91909.03749466568
-878297.7179904005
-656177.0819551367
723393.4234296865
157329.62543812476
-291641.0406461051
1576897.1706519304
-2396571.513140542
-1338324.339138567
1443439.9527149545
-1276536.534969328
-198373.69631681155
6812.413626064597
243016.38870432868
-400823.4075556918
1202104.7552107489
-461771.4809801038
94373.25297500445
-808528.7562692814
-1293460.401260987
-782467.9851599969
-578335.8103383039
958866.9039705105
-771232.1571197123
-370949.1395221347
613764.5052749399
2536.9813477259886
-1132090.3830860208
-804762.435897022
-621104.6005256937
2439216.8495572703
-595648.947486008
-10345.376931404578
686327.2648313891
-433204.50550215045
460522.9959949674
872125.6503138555
-275743.66634190077
-336387.0472894989
-260989.2663268471
139056.68092716997
679016.793713164
-628493.4479524101
-1515785.184886347
273347.7849827949
-916407.2286704215
109194.57970185077
-1105958.8049611792
-524186.2196615541
1466759.4152929545
-145824.44168284134
-711635.1150191312
-1484198.1580661922
801998.5492786971
-820365.5454868545
-95687.34285937628
-412296.9891878263
664645.0320506371
-475929.663344153
-1057587.9501504626
-738819.7802223418
141135.539616904
82953.66438293099
1559536.1439720124
705667.0987131768
493841.2355776315
90609.00627782452
-830377.2405668
1359912.912510994
-129553.63793405879
-858083.1173386488
1483858.7768211644
1279882.3015595535
-548605.9467034007
-688526.6374749646
-31550.84511723873
-368722.9719837139
-504955.4187460914
-316693.3606659657
520966.78342969704
1616990.985693297
-1506655.254379056
-171586.51536751044
74487.90523742
918191.456562297
551228.4531311075
-499478.9131776302
872458.2874860133
-1193765.9277683212
1250306.8779837335
-214337.42319838892
-195103.1834911157
-973434.7765963529
-795699.6343463721
82695.39650952537
1237765.248817319
-653276.1079364569
-245666.531742314
-72443.79845167696
-454134.90702182846
-225566.36677574908
1174175.0444840183
227404.91666530835
-1121000.720750977
-303785.9191619244
834470.7005195024
-281932.6015598557
23344.36095432355
933056.2355247461
-440960.628379975
2496236.6426401394
3084.082180751415
811732.1980311105
438331.1156272936
-786028.9092639772
-325882.9539162412
-827292.025431234
-309715.8024858949
457780.2530428129
624536.6100157251
-1598539.6255147085
67134.69913236954
211011.56830952526
-633878.4728562371
-267346.833278034
9467.267498857167
-79665.13845660514
-1429957.5916275317
-1497514.647248663
-1693880.3600945587
841974.1473286307
-346002.1470666386
-691533.6608829794
237322.80004497396
1638148.962269498
-850464.4454898618
266912.230235906
129797.35306955971
509507.31347874086
-303362.6185815734
-74344.45276018267
978432.4425589424
682078.4383343335
733906.8622570045
-287346.84770527395
-1133689.2831670367
-1051402.3580463198
-968610.2670371792
-627500.8195284718
-795143.0372923664
330028.07564000366
406197.027711741
-1358122.783102722
369569.08484769013
-761877.9541134394
-1050772.9280082288
1334170.962426001
-149141.03141045768
813029.9639853362
-1079110.5940069105
21240.486994683044
-1430516.6911321846
403429.3509894349
141408.91263068398
730086.7046521377
-113658.68255722139
-164546.73454960965
243828.2452243222
-599819.9115050443
-1014049.1916100691
-273612.42339708906
134748.56332678988
656568.3037969186
-101640.21773508418
-324391.43930446834
469256.66656473797
-856011.4894113804
-917772.3554037077
-1343474.0242205248
-16645.266926192067
1010496.8084406815
435307.1207504868
251032.3265628239
-2333180.9993237434
-1570558.005719184
88801.93272623129
355329.38265778846
392391.053672013
-5003.391058944049
-506718.61933599785
-993375.2658605436
-518134.7524339813
759044.4096774994
-1509671.367983317
-214912.7125677202
532235.2603768704
274023.86518915906
853441.7656888993
-224166.89414405238
-257708.81356570055
-777869.4057728022
1367150.4080757317
2256545.4040057156
-674992.1733377744
169412.5897101932
941246.7805744731
-614011.24048307
304295.4430576001
154132.04917459877
-226750.84608268476
-789424.087900664
1174067.6399426642
-113908.95108477311
86297.09577806643
-1101800.7429406347
770366.0683677673
162924.3264583156
505343.3346934056
-294571.96064178424
1549818.414528884
-164415.83809050266
-1468361.0250878623
-550856.1499601755
-760421.763418444
-240960.559872796
1157813.3951523427
95463.63131842343
-1053010.2491395648
763626.4159593433
-683302.7711430049
218201.49979724805
1775537.256042405
1564786.777440922
-129739.12178291955
-219342.38424653583
600484.2044149917
606943.7387916215
-1654412.3382874154
829154.8170526479
-1413978.2997640534
-958508.8906511695
770259.703422359
186135.55214276997
1138991.6526408577
-566339.7072577483
856431.4080049739
37475.8279284084
478462.5980135842
-601079.9621734502
-818421.4080016505
-1140528.759075964
-1410989.575164093
-433573.68255875545
1880625.5952013345
-230642.13306489555
738808.4538713671
-180902.69897913816
474367.175285688
-21080.610768783838
305671.20199346304
-647830.797266333
3082.1050515617244
190967.08441019326
1504992.484134216
67461.68278779194
-87622.56025473945
729597.4141699274
-197450.07381798793
1106970.6302200456
91027.92586691043
-2559169.6785152275
-227232.14573214768
-6113.205263717682
-2087127.1015684395
-159811.84992862004
-107961.9107435362
-823970.8918287458
-372166.44193120097
670760.05733482
590193.7262229706
751855.74775277
-430829.3759488378
-15110.562455277308
-590137.6468754323
-914981.2854099448
-729997.5826336559
86167.5890678087
1829562.4502669538
-900259.5211558839
-82265.49144364102
-698199.631337119
-1308803.1696060686
1224886.07045873
-442408.83480103983
956883.9474278629
2329831.1744411653
-1040804.661547512
560675.4984609585
-1097059.3546979714
721055.9420360697
-314566.96880939207
479321.86532058625
1609890.0637825457
-1209297.5638228203
414714.0788021941
908072.2679988316
56363.05218109157
-296543.3098378248
338447.2802734861
-20460.66298292851
-367759.17337735416
566689.2856650597
-470933.29173805064
975537.93663547
732342.218980464
-2207007.6399944546
-293711.97038643796
742920.449407697
1134880.969413542
-177527.44976386314
1118973.605800182
100894.6877563147
1459875.9042766034
-497841.6445231326
135288.3576504172
-2107.083268628543
24245.838607505197
295033.42812934745
47881.49786680238
727681.7883521093
-676153.5619600295
1218668.7451966703
-205114.23942780495
-36729.53350622422
643030.8839298496
1137836.6469063335
338420.8569500343
2180311.00607385
-201873.9517528431
-36016.557990157395
-991090.3735608167
50925.471519536804
1250710.4709685568
-522893.2951552974
639972.9653432644
-1128368.3872789515
902274.7354011666
1536198.1727706215
-50885.46624751366
-789543.5755774381
578680.8178104272
1850595.7349205734
-909461.6303869489
33542.02788973518
1073705.9398321556
1700465.0219301656
-539514.9510936437
1407580.108771808
-250389.1900165464
629742.7655405528
1296468.6764879385
1109517.452519626
-171756.75279218156
-211127.05345529446
134749.2920488374
-1583878.4311357434
81727.68364369363
1506754.7313423832
874819.7323979491
735242.6619787553
-1503590.877956458
-721882.1362205552
-284654.4237336474
491567.44077137404
-1024869.3153355727
-818752.9189636488
1563775.0688000817
-2062174.9595615123
-135297.26453553757
280693.7554448418
-964181.0856934818
-996087.556486863
-823906.1077917377
-260837.31491149357
-296963.2213670454
-193893.16048502998
591877.8380032722
-177447.34286782728
1632163.1877741143
726664.2515273083
232133.24753539334
547201.3753623134
-2021028.84151294
361360.112756278
-7421.639389022486
-900402.8495231315
-731776.3396497886
916773.9599437737
-1834576.1512603676
21665.5427887697
-474482.9659721374
1238530.3562227073
-42953.31871141726
1249977.0385181252
88005.15917385306
234190.2386648699
-279446.10013425717
-684412.9801114656
-635772.3339905762
-498976.2989561055
231484.7361370361
-215943.64859925242
850179.0216012492
-679625.8583401502
-128531.38176352563
608262.2489076052
-1116356.5368819558
16406.425428857678
56797.35628859891
485433.87451519794
665167.3609011825
86640.31512472889
1041039.808384993
-1134577.3944941591
908969.0506364472
1365005.267905434
453540.5058594489
77142.55867387888
-55472.31605740846
-231435.44319161432
-1056473.210691079
807934.4610366349
-533676.9547669184
-1347173.7577264188
291783.6515488401
637422.0540919439
-733086.6119315287
-511188.98251419124
-566580.6988434456
-792732.199316541
-897945.2210419659
-23995.054115245643
1397469.7530896228
-548324.1113462597
-306279.65407327533
-851260.5859453538
-2232855.4850597773
698881.3933528035
524525.6501197084
-544823.6060647817
622911.4084700124
1372995.5264117494
722001.2171881052
-144542.30673417894
740737.0931229652
882707.6005321674
-188740.37415792514
969510.507066498
-89291.64544224506
791868.6171363916
-569141.7558152226
-123453.18329648382
-82746.06913965533
-46275.633637437015
721169.7238646727
-292163.44871170004
-683436.0905127306
1116566.7247532515
541605.5323193657
1893706.3615669508
-640750.0458096486
-1214131.8325457799
55212.8185066256
-9527.14380597911
346781.42942987836
622595.2705060251
-863560.666854308
-930759.8793460131
-345831.4541669126
-326896.2225471146
-195348.04993423235
-275172.7229964151
385097.0679269317
703811.2581549513
-540208.8526179986
483542.1807430126
-944171.3937231209
2505555.495944746
828250.5559202811
887020.8740973035
1011065.9142698793
-106810.83393643913
545217.4404840077
1289368.281058467
294029.765973685
-904137.1874550986
252222.84216028475
-330109.38270796544
319408.7457202242
610857.0836792958
-601501.0501793706
1632376.894727299
-553060.7529539937
-196788.65289724583
-844927.6391339294
-87688.15674874921
-782267.102615626
1186170.2930455552
1524571.9532359482
-518519.4298030899
946857.991415465
-642955.093272725
306821.40496520896
-568040.8956328167
4936.067944519513
129328.85900073536
168824.0891969874
2018732.1717955405
-831169.8330275966
1005736.9608525562
-502199.4899670411
925251.8009369737
304646.7260934571
66561.56249792961
-27207.47842059168
-886114.2800603014
-335310.01524802396
1806703.4517383634
-1285413.577756295
801373.7607385521
-1588057.7384848548
-451431.1059763101
-1718083.9002890643
-795047.945614772
329826.63369792304
-413364.648701713
936018.873017011
-397855.4102017605
-297980.7271563616
-223732.10442510335
-1578532.6671845247
733007.4008624835
271843.3253284029
470455.7004712214
-331582.253918273
-439337.09536551544
631226.5660707062
-54951.61421964411
825520.1725188111
1270396.4900547871
698100.4095413212
1394061.155703913
897919.0123563702
817829.191560749
619650.2176903763
1256221.2215205121
582945.5274554188
-808895.429328521
-536045.7082227068
1256271.956204009
555397.6336629982
193023.79545856745
443397.4519798313
-830562.2177274283
-22679.810000781785
-966119.077161909
-1737860.3508702703
224337.39736513392
934879.5685917506
1146826.6102553033
209800.36664284184
-77127.94329593261
166399.0529132538
551301.9552599594
-265320.3472580317
-2237051.5009754803
-884368.7615992938
-347551.286745605
-501592.1232001688
-480591.2446975763
823898.4919298389
-374736.41922715644
-1633791.669994458
-61940.53718847799
-284913.27899646695
-695380.8192614313
687879.1333303074
-650116.7569237705
122516.7036057238
1266816.8475703413
421700.7135909311
1151633.9175401186
1401720.3197327368
-682282.1971596417
-898143.2881507821
-215194.90930016903
1241685.0994470539
90042.35849782935
-499129.88342845207
-315764.9935270093
964653.4537723106
203264.61781846802
-178216.00937825502
172506.7495988504
-1190290.1693715365
188630.49563892232
132134.84658174525
-1162933.8872930144
-279944.9588674965
102522.45438826774
-514500.62811881676
201442.62288550026
812379.4012089083
393917.8641868836
1854636.6433117292
-490242.1710047117
-894529.5066259077
47574.91594878957
-511139.37591070594
178670.12081786199
-492167.29197450407
-500139.0337827976
-882521.0040723998
-990768.3307662611
609900.3160122696
-71545.22838302096
17519.644418337382
283484.81983304786
-83908.09969018328
-76646.22471335344
-238753.25560038845
-537366.9088964866
674198.7921490115
-337445.46276264684
-108220.68584082858
-1776690.8546514297
-2537194.4212188073
-908128.5524111101
-185316.20430887403
-2088231.6601383877
-97007.24354678637
48363.37023024718
248303.58721094625
77665.35048955442
-810559.4841555848
-789408.5940257243
906834.933187702
-760498.5678854384
-1113723.462619171
-49685.48428199947
-448315.20813584287
-327753.98016537516
-516406.5746338431
1207172.1229165033
-2005028.2972223756
348454.9387396051
-503812.89382130624
208571.09612931393
1294637.2875679468
-310263.850482537
-2168628.886563703
19471.095905606577
-1805018.4891157148
-377573.3386881241
-943758.7817681804
395395.0446330346
1914324.3198699756
-60462.41910146037
-1336169.4801047046
749956.5141055839
353151.81146456586
555311.3977410162
111058.73928609016
-1448914.409645196
-335708.164352045
93297.71850817383
1045875.7330478481
-40605.41364749905
1204381.313005874
-138140.03648518684
727123.6623726402
344987.02227324026
-1186801.74011055
-686641.7166229188
-59284.86249966046
473704.49839403894
-865300.1492766018
202269.27636234154
1117461.3447373318
-208719.48342120158
2479871.276032298
707329.1165392371
-1090197.522806087
56145.670808076335
287211.1467178452
166951.75847254373
-456363.2095685466
-136251.48034161722
654257.5372813223
-1116989.446673911
-1423753.4018167015
-1191596.8026219592
-276289.0526924179
86568.28963576688
-47412.58881718578
-1097174.2259184006
230353.8811954575
971983.5335128916
-1311403.4513452938
-1248702.117813969
-517850.500709942
199655.9673086286
588550.5928461341
-732999.8094674952
-139703.26917152375
-1028378.7735606635
211437.11692001438
22667.651494144055
-585514.0187742478
-909147.0894021464
-1006664.8504212184
470654.0492849639
1498728.9323130504
97094.62165882869
1960915.944319914
248201.87516933586
1963412.9567168579
-1424558.650252421
639512.656756083
-867591.2369938688
-1261612.7856967968
-1310435.926451742
2379234.0103564365
-799248.2187333966
1143079.732057051
-628387.980245919
-884844.736055765
851966.8844739108
-570653.8966203071
44428.9611941312
-726358.1294583788
-784625.5311401101
453045.95787237235
839124.3053091678
130012.90920079272
650840.2713834341
233613.24445267202
563079.046436857
461231.8657341008
1424740.5397056018
-524846.8329782826
783678.3737625161
-656322.9163625959
-1797929.8332812323
314986.8239244237
638895.337983357
131694.04855595413
92654.53077694298
366889.1131994958
1017666.1525204971
806991.5383138875
-32638.89764220966
592032.2521102689
-1241679.1817693422
1023356.5037903812
238361.19581850388
-711794.3841020351
470296.685008735
-398448.43800914526
1160136.4796625832
763376.6988360073
-435322.2204448949
322269.0532557984
-493483.278915368
522472.338129027
1170013.1148413431
581322.7902530886
775869.0015998381
-599625.884255382
1826902.4718997418
-391929.7106947762
-1426358.148305952
-205715.07398883594
-861421.85210395
-1406435.1259352118
396302.1912115764
-75121.74748762895
738646.1963840749
-8546.244445624907
1060893.1047153738
2032881.9915995765
148885.0471098289
-529207.1121439588
-215523.06489178995
-728329.7059550498
133204.36973759718
222331.04414347175
724580.1047257208
-1630638.4059186275
48660.474352601916
-381716.361252348
-171077.9969638539
-587673.3250601315
-637424.0333695285
-288950.38111934764
589051.3226891155
-1782763.6076280612
227220.57777424436
-135645.2171809341
-951011.8258150223
-219689.60112796776
-481870.40603904024
1559972.0664466124
-445431.3472982318
1407692.5374263406
262461.20315985184
-2118872.4713545395
8872.862374968972
-845339.4164506181
565102.5628806801
-477220.0865635637
493985.1940384446
1686911.489171232
-1077179.0984487047
-1240513.9932544166
-1156296.1456460082
-422895.66432915145
-725881.6977945478
-896202.1738866614
1101669.6091551823
-1293474.7676484054
1214796.9501725486
-40422.43572571239
495766.52476863994
209899.19851133635
-25147.38055204309
1731306.7395070803
111512.37920468638
-1085378.976297807
-1742079.5593711697
298940.3635898422
-201488.98505672876
348306.7635175848
-184855.12425873807
457458.7002306812
-803689.0198523209
452899.4072570966
-509787.5310860635
-506284.87152864796
-819415.1436116125
17603.68900040965
967957.2589435166
257501.68056398872
-1794449.9868221343
-446542.540082016
710935.2947769491
-283474.5394962547
-463871.4220386467
25674.93719758204
154422.30100203946
-115752.8042737967
89841.89502560615
-306194.8655553741
-114713.03016665665
426092.0552547697
-1113320.3657132168
-177622.9298616401
855853.0975823893
1040176.443520553
1412804.1631621434
-38470.18873984864
-291633.5651061741
74636.00094045198
858179.0197152788
157165.30606465891
1105247.6393872474
-477875.2806317606
841422.0082056541
-1036068.844136563
551430.8832394637
359985.3337637913
-278032.4982174092
-133784.12759712763
-286667.32846110384
-797171.9414161961
1435752.712261307
-465572.91345187824
-262821.56123095786
592230.5972569562
-366228.8159825961
-906010.7404606331
345807.2655727679
-186174.42495817988
-2116776.6325917915
1563262.1456536374
473938.47295065084
548861.149322024
-679536.6270613569
-776127.6138245164
884010.5369451512
-425973.81411836523
117784.52162012487
143350.4921208562
-127788.27203005718
-137970.0056592384
-615036.35138339
411761.13035238365
-403517.8385676581
-1650104.8146061962
684816.8062409664
975722.0104547958
-374323.1270245486
-296939.9306901881
-166164.7414308758
829350.1604192497
1568609.1818318497
2189582.563387447
1562715.3092644145
662305.3255643544
110315.71187966818
-237417.43922677144
104365.6547940739
-801755.1285396328
638327.4395199518
866545.1263477708
737569.008456381
-116824.28978416312
586517.5122442122
1319642.416347912
450274.26110767375
-689956.1653935602
-417479.1984672339
2663540.795326841
-955062.6661712052
-1030864.0187356595
-667316.2500248792
-73623.21560650755
755254.2688040077
1061985.106008221
-301441.1693271047
305083.93361382146
-117951.09181541434
-435734.83574723295
896276.182488078
-1094290.82948658
425551.32007857156
-104173.19352256384
1259978.380007816
1899262.4465595388
-1212963.2060308752
-782946.1865056616
-579899.617215513
147241.4094024083
-821621.2327460225
1604722.0126948855
710195.5432621179
1093010.1617053857
1053633.4523754725
-285957.01261146547
41314.46252642575
1098312.7141351919
-626947.6851437491
-1457686.265229243
-44323.854883579916
1791459.109242451
-634455.6434419291
-315036.3654098738
785524.2374499685
118170.19812160323
181572.6808089977
214324.58172114938
-458109.88778357557
-423066.0415801129
112830.57659029245
-1423093.6095228824
390698.7308273942
-313416.70836166333
2334527.1194504383
886364.835139459
-93305.84100891906
1204380.038033993
-242439.10723597012
-744037.1336466633
526847.8517570051
920723.7838330537
-1459440.1706650793
580813.3949878057
-1217442.9805478465
40399.01478626492
-463670.455153
-364619.82068950456
-1791021.1434248944
-480179.82684107445
383970.85435639595
1057555.5295904186
119066.72510857845
709592.2132188757
157858.07523052907
-440390.77665891306
-1109919.1246635164
1407142.8066420092
982124.1225204575
-218139.71987662828
706641.4921734969
1384505.462959215
-124682.96372716481
365330.9298713628
-213650.29897551774
-16480.07901172666
-500273.38731071015
-293732.65566863725
-1343724.967363004
-52907.21496453015
186781.49233341852
-210899.86437313573
-830190.835955024
-1589054.305038413
218676.70340198535
-649890.8061745265
315127.1724372475
-47897.08149005304
280575.2431107477
454166.68283735955
852086.6770351501
-192450.45198132016
446366.23110973113
162025.19145771393
800023.9168128234
-1706964.7594896425
1456558.2776602018
2456299.2656628042
580311.2472002028
-563249.5431548862
838611.4721640041
-1188735.9044472731
250794.40637276229
-2051665.579535502
-225093.8238872491
779141.8516862048
260699.795911966
749595.1906734107
-1122956.1220566984
-367710.4473666501
-111311.87054953337
580413.8901714615
498061.08724516316
-1028157.0169097291
182057.70249728783
1948402.9428544447
844026.9392231404
100820.30250089662
-560718.143914212
839277.661076053
298267.1549066413
1633790.715937993
-568059.1274356296
333642.7234431661
-859834.9914118937
157123.8017411902
-629288.0714843586
181337.60501088193
1657643.3998335986
1507255.6510166908
42446.365604939754
-1758478.1561523932
675587.0790584706
-384802.8594986093
1141994.7868703492
-259917.39284464315
-83622.16016090097
672157.720102883
-2277452.2165257083
-263854.2206136553
-417638.273431916
-983534.6356856769
-636569.0422767978
535087.5539427549
-63904.22268955235
-244588.1729824798
-1023508.7797880552
-69942.72447876283
247352.4837083211
238133.62397025037
300059.68563897104
855979.7879075771
1665210.177412744
379922.02843869873
226057.6386944481
871054.6192014661
-646260.2565257854
-43042.51832437358
604189.1289934693
2266382.9074501186
1554366.9245528313
-251949.07512179084
526501.8130982874
687819.6565819267
-1230358.5165488715
-1608428.0251298118
789335.2439732205
-746885.660247477
677304.3151823854
-600033.3963011331
48006.550825513434
701430.7088191044
1633845.762359206
-863840.1225633109
-643545.5828824597
1064515.3826053464
-1160443.2338966897
-1481392.2822573492
-1019788.2660109614
-359690.28392981505
946135.0070066121
-374782.5164437253
-966734.5594532485
-6420.563365740949
-210433.4593687425
-1446941.5739978258
-163369.4431934344
-298497.6811239084
190817.2527653401
-439189.0690468848
-127593.90173723607
-537935.3972930231
-414370.8210732936
-950033.94264388
1026350.0273294819
66505.09525492997
-900752.1551864847
-1642764.155744666
-77127.82502987079
251840.81576747133
1128388.5041096085
-32386.83745940705
221231.80632359546
378671.23600718414
991969.5009065203
362107.9706706388
-389960.00605697307
-1249885.8075677343
-460750.844691011
788398.5390553311
-419815.2362399525
965396.787037378
99201.31086473668
411662.2878654641
25286.735917887185
133717.12257250462
1414728.4851538998
-789623.1107544322
235777.10939367194
-142824.31217264378
439915.4354730378
910631.5385205229
931714.9619088812
434291.9832114724
-1420685.2990631163
810715.3736702427
-1094241.4623943572
-1597704.004340434
60666.115136119886
762947.4572342706
-400677.6122243387
503906.5674976101
632887.9895248129
1321905.258160532
775406.9476899598
2386074.469623524
-1564719.3496706302
-855193.7685657067
510161.42462614086
-1114916.7753838087
-301876.8294055444
331655.45271163457
1061225.367075594
-479195.88962863636
943578.885615143
956415.865439128
1322130.9910799167
-1530391.7125060828
-652699.127600637
431457.5077248163
-1566101.6341933112
75874.0128110394
-670817.0130798178
290437.48685197067
-446122.15411960066
-684920.9803471767
93223.15356631076
365467.81037309614
-1256463.926940119
167920.439451235
-372149.0826020162
-258576.8266035747
1519289.3564803433
523694.15052424197
-944475.3538011162
-562802.1983700173
926310.5121342315
-9157.613888569293
-651557.2696771498
-819112.3675835356
167717.3053927701
110091.92308072158
1910436.735030686
-129571.01253805083
1135211.7690366376
-716545.7842289023
218290.8859069236
28543.226908712997
-116627.45473052008
48375.09839047794
677470.8760459181
-1179716.8322203993
527934.8994211475
980472.3295342622
522295.38512382
-874590.2882674502
1080274.8868987532
1081136.8130812566
-328308.34643488773
1036470.6605771763
-838917.5967958497
786354.0084893291
-1314159.7381550267
-1278023.0144449146
872556.5198572635
373543.05465372023
112247.17873353028
-159423.80715275038
-237525.975966322
558608.0988625579
-418072.6120958632
229205.68438339
-840940.4576148223
-1910370.2145521275
-437040.1970824633
1333820.272519338
388490.39839578036
2199168.491213387
1352.477447809535
615804.1914115847
-509997.50283366063
150324.63514586183
-545660.5842508087
-255818.9104523544
-1041213.2349048393
-614153.9501397578
885885.839659962
-1003033.1011165061
1230236.7518653274
-888833.2702094292
-1302652.471691559
230595.3699619911
-1030265.4696699837
168472.69983485152
-332268.7720560009
-1655227.0378375188
-265862.9071031139
-439247.24633081595
1467832.5037957104
677503.4673227977
1012236.1434982548
-1260981.4099262443
1149025.389942403
330866.94550053484
-111823.454660094
29539.08995594096
1404832.652548457
402980.01586661645
607460.0889089007
-931290.9018973357
-846267.2446845123
566875.3760915047
816316.735325301
-1003307.9806583114
-2015698.0811703699
-1120874.9587627253
594268.147257382
-1804001.0454011736
557948.1543992031
1398021.456128801
84788.65002110461
-486721.04248853785
923614.6204237979
612328.2885744602
49039.786360127684
-180897.09876322508
1370562.6975194293
-1463.7278306238586
-1124922.494645168
-1809384.4747543195
-1060540.181906091
-134125.07879065434
153717.15382391348
154932.2271100193
-21315.26518506906
-1013464.467815122
466463.611108702
177252.86146444632
-481378.20613317424
-1032414.8032811817
-917501.733606641
2140991.044666597
1189019.647741017
1108623.620731894
444757.84579744225
-663261.9881609742
-1082397.904256516
-201540.93698372494
473825.8072490274
-716355.0255521536
-813419.2478171724
505611.2700371335
189806.8391052402
1031776.8349532649
-82727.14376346106
-1368070.0119358506
1975795.3518221818
6973.473811390577
-56770.21483944004
2325061.122016555
340712.3578337396
-735135.9860514863
-829984.7168227342
-1250596.733230298
-279173.4362993453
166460.58332182124
-989544.4346666805
192042.63994077302
-540313.1769382005
-222302.66057201906
-363160.8884403929
-44478.103788144304
-85290.02753072086
-739573.5508423549
243035.28162815026
1973399.9850524392
1039489.1959962969
222484.83641333
-829635.426956812
-217578.5715935888
-1005254.8377718726
-356132.2500550953
-884354.3177995941
-663365.9367282427
961939.4111420899
-734296.8386466157
110592.16541066673
1071755.2939005678
557880.0808662581
689534.4658177127
1468101.4211203319
-847660.2349090587
-923798.3992801823
-271601.406971715
-380688.96992967406
-43257.004635057994
756834.7427971491
-106449.34871132311
-400024.6933332457
-1649641.1139756073
604153.677142295
-1807214.7954618959
929191.5806665902
1693273.7049791103
483880.15873762337
187905.29146111122
972241.0638847643
-574354.7854520325
30244.5183539649
300438.57232609147
201828.348315924
-902785.954416177
-762197.5390154801
-940118.6976311001
-226996.15787231005
-309514.696898032
1855988.2464602857
471686.7024394731
-269452.3979301461
1053754.4225639487
-903791.1252954801
403329.75550121337
1526697.479624144
1313703.3379715583
-932702.0825240299
1402364.4789977307
1252242.1891710113
1179135.9280134346
223693.5777774325
-363586.0563467645
402409.209204106
99408.75428047095
158997.4254123565
274217.95395574137
2706083.1491434528
1728012.6683724914
548074.716741814
1823454.8113300214
597682.8273196595
-513631.8647977208
-321545.58809727663
750249.16484451
1240913.6854269789
-355344.10182186344
-1126841.039434478
-152187.45240453514
-807326.1600275397
182819.79100098112
-239966.34568235299
-14267.686714451003
-364600.58035739965
382138.0515576746
2665396.320390561
333449.0190709164
453617.7810060987
210924.2412221668
770007.7001174039
77532.73828721832
-583610.125326551
-555059.853680169
21436.422846923073
271208.9728485174
353765.645836415
969199.0445531682
-538187.6995053391
105974.52880074107
145205.80159207995
-3610.7448810120404
-669346.722765552
656001.1283201866
290368.2404489169
-602403.8363040325
507322.752617411
661442.032387596
18332.09620486753
700967.4888900813
253743.50607558468
2168295.849536742
-12878.089426690189
-66429.31072702202
-340579.435264864
-1539222.3233948303
-866676.236548193
1389509.7482501185
-354157.451283893
-1476004.6525874913
-1052356.3404336963
-599388.9934381102
676227.8190158469
1351405.428123888
-485687.4196070968
-205231.97037925536
-1033050.5137742497
-265075.7050719034
890561.694590983
100450.61986667413
-491226.3658706353
-1105408.152996684
1125727.6297967625
-998665.1255874166
-400423.57554226764
110406.03125120632
-452240.02400600805
864988.109391554
-79614.29297996948
468914.46483552613
-836039.8008692448
-1697888.5446659178
75502.55965114234
485425.77019961225
-1453807.778666055
-151040.89536656137
52856.04008375388
-392115.33310389647
208507.34418410517
-318599.8737576661
345174.59402949456
-41433.21988663421
-861695.1900542126
-175487.97772634006
212217.91065413802
-249750.69252645806
66247.34481373211
945499.380211233
635687.507784287
-1402311.2141252342
1019044.362978142
122711.25639084447
-773496.0159169455
-1056457.2545615984
1225153.64826176
991118.7657470917
-1213461.5930060274
335756.3626049222
-942217.2060694759
649972.4163074242
-350326.3808393526
-722052.906443405
442209.56972743606
51263.366226130165
-948776.7504239917
818922.4661642292
-207347.53776674563
-1212549.9763095034
1604414.946274855
1422666.8232037793
1022172.1897794456
-666843.647683485
727815.7907384478
118267.80701580137
-318027.52202802256
507188.6116267557
742774.2797441166
-960201.6830875177
-112926.9781870009
-841686.8420650903
-712984.1005241789
105039.79948533594
-967424.5803505501
-2650271.5090227975
103457.16236828465
-829605.6807746763
720658.2049506847
-6652.2097874394385
609496.9238881234
-221768.33661272912
-1862620.539920855
100932.43056380734
-505549.45862585213
1117753.062036453
-1284343.1173459385
-359644.74684992596
1128448.4880144247
415012.1788135526
151011.37852735003
1012608.0547530659
-894093.1186753843
-1488306.6880689566
415774.69150862773
353269.4743770686
-355433.0553538872
329463.75446992734
-632561.867463719
-634613.9248900443
501730.3200275394
757563.0839210647
-643591.5101088982
-1561044.4506742829
256896.75829408344
878637.6304421199
2129306.1670267815
513282.94690916844
859934.8777147231
-490598.329323702
-215259.70764578355
-642056.8592571828
-918552.5203312306
-830043.071040428
602139.3751093934
-1319233.9537111851
595215.4576706793
1284212.8727026652
-683686.6447756886
1389553.0524423113
400311.7376891505
257757.8677283363
-498623.13381160994
-615949.9955066224
-872417.4195122395
-140116.05454833034
