-192458.65793328203
-367902.457837603
467816.823076685
209831.755338788
226992.56146891502
-300204.994797184
159046.908459524
-346966.185032546
201948.726711482
-223778.410789598
-441332.75535944104
352037.82958221703
-270338.25640152
414653.400282284
356450.671738132
264642.008607072
-22036.620481757
21951.634432377003
210096.16376556602
-410793.280168907
-193536.46641180202
73142.50646653601
253740.63634751702
-149420.09240928202
49659.290779969
-276285.459372183
382911.871472959
-33930.691327960005
-59892.133677262005
-388961.32818926603
331567.823942472
-484837.085281555
350529.30514203804
394364.321331451
-106031.26327223
299642.180606719
418057.727080064
-452110.34482542204
287849.48956940003
449802.57582057203