-191011.65640390702
-122604.16113478901
-3140.167171372
445391.657038437
-167711.38204180502
316988.809251732
-14934.117713095002
145917.43619323501
-254295.04137133202
79742.177258953
456213.48459109303
346902.31300834
403787.48511522205
-54763.18839029
-311158.817641087
-119397.46950196101
-260311.129517232
-27391.446605241003
-272431.728169205
472906.687637288
-452438.550920599
-341440.538255874
211555.859311278
-115170.32449994901
-109194.145641679
235524.86767295402
-438168.61698392604
41673.892280392
366370.34829856304
-383941.558596102
-97653.17164952701
-327151.673952815
440181.243582829
251845.42006384602
239170.683493646
-331089.445919725
-135223.31590117002
-214489.78808713902
118254.48839248801
469670.95024247305