-383470.3143371891
-490506.618972392
-1447.001529375033
-245298.29670281394
464676.65590531303
655223.412377225
470956.99024805706
-235559.90169964902
59281.17942711001
16783.814454548003
394703.94351072004
-617193.8040489161
144112.790746429
-201048.74883931098
173981.02617261902
-492883.62122578104
-52346.31465985
-144036.23353064503
456243.76808281406
-303520.588048551
14880.729231651989
698940.142590557
-897546.239950534
5135.516573876957
133449.22871370206
359890.211891994
-674125.741516742
469416.58867257397
45291.85409704503
145244.53910511098
667609.489379219
384039.4781090331
-282347.749998989
-5439.812172864
238274.509035475
49343.08103761804
-62335.564403639
62113.40746838099
482527.8919347711
-883699.9678061949
-645975.017332401
-268298.031789338
258902.08450879695
414583.0447224101
465296.495658795
-264590.41690923105
42184.777036239015
-34249.76790933304
-59534.85486171
-40760.591699229
158853.43642164802
-511810.32704513706
-55256.74551096704
7743.200952431995
821080.4884568851
-75604.58360835195
306478.21462130104
-772902.886785368
-426262.4819758251
-5019.769593164092
233914.652292945
-811988.75923437
429220.995591999
-157685.41132874
790710.548724867
646209.741395297
-89651.93844079092
142518.90126760493
133139.420221416
-31447.265313006006
-345201.946765876
630731.626526444
282834.411178894
-666600.1329125611
553281.042981234
-237620.556738283
406103.9779618881
919473.526063045
169595.00117691208
-19868.37442190101
